0
0
0
0
0
0
0
0
0
0
0
0
0
0
0
0
0
0
0
0
0
2.58680817016703
5.48742263246389
7.73549135822347
11.2161870784418
13.6760703078727
15.2522874301414
3.61808297785141
6.10615556143076
18.8946170393382
8.85095194663177
7.02137962451847
2.74381804605440
-0.863463225161666
-2.24298075203544
-2.20317084049972
-1.51419040141338
-2.08497871764563
-11.1214770242787
-5.41503019812415
1.15025845386939
2.64062901166649
2.70028121186297
3.81762713465810
7.36660808550258
13.7403555911770
15.2799862745411
13.6388037126968
3.54444057716971
0.595984545048279
1.31187367575118
-7.01159409805919
-11.6073459225325
-7.26782572272272
-3.68852995996999
1.24235222039675
12.1150988153955
14.9039835938628
14.2974040363945
13.9646510502832
9.99214850223780
5.46268726530510
4.74743819038545
3.17202390261000
-0.840497344892472
1.51369070169887
3.90803940627892
3.13616255754774
1.53705442747062
1.52538466575401
2.31288023407896
6.40033817693010
6.55620686012119
3.29912144187111
-0.0110466152405373
-1.63363230499129
3.17066568683455
5.68119479779708
7.51227339445636
2.52233825431570
0.00667805198032055
5.87642344171320
7.75602732633839
9.79779396568068
13.0091483819881
9.62828470973470
7.92072241449316
6.09508908718232
6.17809786448064
6.26207115654317
3.31289225646217
1.32221688159794
2.28358120748446
2.26873888528173
4.23068123491434
7.27613595122770
-0.639504481865553
-1.62402603926410
-0.685426809711265
6.01102042759621
8.09047554053805
7.24539461767133
5.32909740606090
4.36115379099144
2.36011025133022
-1.61381555625594
-2.58064813982132
4.12377827634341
6.12215979901131
8.22808557866371
8.38487414356760
9.60392783918758
7.70806990688653
5.70666312563786
1.53713820451632
-1.57882461944214
-25.3871040272214
-24.2904393442157
-21.3099603716462
-16.7235316669250
-10.1136600643015
-3.31208813862051
0
0
0
0
0
0
0
0
0
0
0
0
0
0
0
0
0
0
0
0
0
0
0
0
0
0
0
0
0
0
0
0
0
0
0
0
0
0
0
0
0
0
3.11724031422949
6.93367803064779
10.7455319786769
14.5876768934344
18.4670357370471
22.3917112703725
18.9535833274085
18.5574232441953
14.8621655091765
7.65325449236987
-3.29008400366291
-2.44083676264801
-0.838840625793559
4.77023547510358
4.01421482091292
4.05658821170071
5.79301297022642
14.8876772591814
-3.34643616744195
-16.9875842951558
-7.41033757255961
-18.1768632348913
-6.95554264043946
-1.10089390149401
6.67876872238920
4.51616373743035
10.6278934465529
17.5413020951897
20.2814650787438
27.1607197145378
34.5483986857291
35.5434749693997
35.2066509945972
17.7205159448206
30.0476055542431
20.9431760647438
27.2520190309345
25.6270654843349
29.6095526772657
20.2679772449184
19.2371933245202
18.1437354828489
7.66055107446350
4.53209419089851
5.98351419971496
4.44128986071475
7.41307472988434
7.42977141733466
7.42985178181359
7.42985216895765
10.4811940538879
10.5771835046264
15.3023603615384
17.1713794376349
17.5062126088276
14.6084163367556
16.4006581165527
18.3158494991808
15.3499929918383
17.1897624784055
20.8524543050727
26.4750075741234
25.4862096996534
19.0096275929541
15.6667432596600
12.2310022051850
8.69618406334313
5.09969654531191
10.1984768804785
13.7836361135887
15.6979693727277
17.6614825331896
14.3212394046174
17.9674521050804
14.6229140568602
16.4834655248726
13.0304754841935
11.2032366334311
7.55042395563631
11.0270129860293
11.0833275843565
11.0841324922483
11.0841439967152
11.0841441611426
9.27651381341436
5.60992458201029
5.45108378683564
-1.85966794993051
1.53969091345250
3.16986748285659
6.53682448534998
4.78539686083651
8.10865958137042
15.0278414977879
11.7762043785613
11.7793495417906
10.0814434960015
4.86075275847070
2.98778456083447
2.85626207114001
2.74764760890788
0.967175609086230
14.2327315062528
2.70912322165860
7.48062936658106
5.82758348318774
5.74772546916824
10.6609661534764
12.4210642463017
14.2091283596477
16.0662782199696
18.0032788096698
18.2994647788963
18.5806075872377
25.9322309860340
19.4784626680112
14.2983273198657
17.9125434486554
10.9728956390507
7.28393496365909
0.0641145560790467
-1.97622545615566
-5.57726884618785
-9.05706723837898
-7.44758513608130
8.93387522064008
9.02828455647964
2.42066103686524
-7.52279937143991
6.81400627737566
10.0747070374732
6.90392953904967
2.03445865749395
6.67560032856152
8.27748088105768
8.29001492220863
1.92886992718115
0.224938849214241
0.119490914802897
-6.09966282892185
-9.08954119300340
-9.04987960971009
-10.3909840572711
-10.2807315794718
-8.84198384113183
-10.0303328643604
-17.1662129529011
-13.1286604573795
-16.0420727175095
-11.2248326420314
-9.86948854304391
-6.62728924114536
-5.52878803568795
2.29822866303350
-1.62212408395784
-6.28130085320513
-10.4516158532763
-19.0919653143773
-20.8532244394742
-7.30685172296162
-4.24905167022327
-1.82389775113980
-5.40874690039481
-4.14247518382691
-3.66793499170140
0
0
0
0
0
0
0
0
0
0
0
0
0
0
0
0
0
0
0.303170230079909
4.26359217839221
8.08581489419771
11.9063417948831
15.7589455357148
18.3360809026693
18.8539571076380
19.9391242441921
11.2739108525288
14.4794023893234
14.5230037266539
16.3423720835072
21.4349808710921
11.2237913567569
11.5364477676540
8.69822428426589
11.0309332773292
12.4353930024058
13.9421198316510
5.19679999630746
7.49156746854546
3.02076613875743
0.755450988506422
6.32243494611767
13.3133439348706
10.1302797333046
4.39946703750668
4.39583793741058
4.39583606620602
4.39583606504700
4.39583606454710
5.56992802765148
7.96613265827394
5.67610768801088
3.32534974788085
-0.217052415944122
-5.92118984257015
-6.93817370301835
-2.58264304808516
-17.6418353052245
-19.2473884762171
-24.6474802020261
-17.8050335286954
-15.8419005648794
-11.9617356605155
-7.42222705486903
-2.11182817628095
0
0
0
0
0
0
0
0
0
1.95609366871294
6.11939092330371
9.93458346280509
13.7698300355262
17.6406331501669
21.5550055447935
25.5212159865842
23.1179893907393
7.37864284445303
19.4656537136375
16.9325127345210
12.7916390339489
4.16838069734059
2.22449084936544
0.277954183903878
-0.694858288830435
-1.64031323935633
-4.33795579982976
-21.6285879113243
-21.0360744582531
-16.1282015707232
-9.50382645014500
-2.68302976306574
0
0
0
0
0
0
0
0
0
0
0
0
0
0
0
0
0
0
0
0
0
0
3.11723916704465
6.93367809928820
10.7455319108847
14.5876768305595
18.4670356805394
22.3917112205044
26.3699843075994
30.4101599233856
15.2619532791458
15.1355178168100
27.4498057322993
19.4703734276694
10.3051188585104
17.3885686470779
7.55938299849246
9.97513098795394
10.1665554829205
3.24988366884547
5.56919336657369
5.59648258789581
2.09598161890703
0.902611746836612
7.83510715430445
4.39801560936060
-0.255524405120095
3.14770175449004
3.13059856562020
1.96722273180632
4.21697102288652
4.21810061697234
4.21810107656057
4.21810107642741
4.21810107613711
1.93680263988701
5.31538291767036
5.34198772759565
7.67926407491066
0.842645279884468
1.93514138289413
4.17342736187921
4.17448694673856
1.90612527286365
1.87480481228510
2.96344918379724
-6.87106249502543
-11.8039669549233
-15.0938566933231
-15.9746911836775
-17.9588971274048
-19.6051720014851
-15.4225102130697
-12.3361595150137
-5.60281358159683
0
0
0
0
0
0
0
0
0
0
0.433320265374489
2.52633055061989
3.70450738035678
2.48603701811851
5.86181244947074
4.01895486209773
3.75151663589616
6.13664915244548
10.3374001600226
11.3973775667909
11.0056395878761
9.45948366903432
8.77249159832849
7.86473180872215
8.98237316398613
9.43756258629154
8.28674876126680
7.78356992644366
5.54423882447749
3.17222230451047
2.37153588904819
2.37133775520825
2.37133771185189
2.37133775367751
2.37133772300736
7.37357668046061
4.14322865954386
4.18576733999421
-0.821185667769619
-0.829638040136572
0.769802415945376
2.37094130341792
2.37133756087088
-2.40812782865445
-7.52232469663927
-19.2909353832007
-12.3361730791400
-5.60281439701336
0
0
0
0
0
0
0
0
0
0
0
0
0
0
0
0
0
0
0
0
3.11723440525656
6.93367801305225
10.7455321207831
13.5626088271300
8.52955589975781
8.38004294410717
6.78484332852775
1.37251302148942
1.36962931014563
4.21527255844059
2.57739863188381
1.44539490419593
0.302860523410584
-1.07033318563877
0.817201452203703
-0.202459692516918
3.53917148409363
1.92796103969678
0.826052277410803
-0.605126374681466
0.788285864126117
1.31688315739741
1.85810573877565
3.54031731522478
4.80353234995211
6.84233820390497
5.90445431085395
8.17625554164619
7.19562752520072
2.51890453338279
2.53299577463842
4.66735418229131
4.77098299980153
4.87476500791972
2.74315211986965
2.02263074180154
2.02240922202869
3.50126462528693
9.75760726567629
13.6151876696528
10.0069508679985
6.83960714541777
6.99809426422952
-4.99089844733245
-22.0379939518786
-18.4424289797583
-11.7321029712319
-4.98049457542418
0
0
0
0
0
0
0
0
0
0
0
0
0
0
0
0
0
0
0
0
0
0
0
0
0
0
0
0
0
1.17344245280215
3.58678059987402
8.30903489177014
8.35125096658933
9.95234883615278
7.72100300978917
7.51124557689031
13.6245223369140
14.7449241465057
11.2064182878826
10.4880231232372
10.3183729647582
11.6940196009069
8.88990320751676
4.91950632177466
5.84938527560187
3.37268140282830
3.39071054068191
2.55210190781917
4.27275281764158
3.44706054960064
2.59863647034286
-1.64525026697340
-1.64088284190819
-12.1952743537523
-13.2159370847083
-14.1692670481951
-7.29424569403635
-4.35992799723113
-1.85178200490692
0
0
0
0
0
0
0
0
0
0
0
0
0
0
0
0
0
0
0.585691588751366
2.03297538211311
1.79107249512201
4.60084202451846
8.30439615562651
8.26196605849826
10.3710944061518
6.23219535908005
10.6650548168200
2.94302088875881
0.261867981116489
1.31658799248714
11.3298891994842
7.73836058175810
7.49340335700295
11.4926019512705
9.21031263288765
2.02462049166363
-0.863465138718093
6.40133401381324
6.60042842969257
3.66259945767670
-5.19051403150184
-4.32748501389311
-5.46380932910799
-11.2793834684634
-8.34822102898979
-2.71761375940581
0
0
0
0
0
0
0.0123264665193872
2.57557074216942
6.81123354975768
9.83343729128286
12.2507553517952
7.72325594576487
11.3953614529683
12.9056369398539
11.6455353391838
14.9071349570030
13.8995029154669
13.2575556296700
10.6006205320589
11.0752714987926
7.89781142523820
7.19148677325194
5.50328761546112
6.51378111931439
5.68781855834972
2.94098370474825
0.171057176514177
1.96963864131402
1.04645426321439
-1.64895589204837
-3.36656448126628
-8.17522015733119
-12.9009339970929
-11.8945727677159
-12.7485140209205
-9.04843151644050
-3.92225531757896
-2.75372322298690
0
0
0
0
0.0763603576555298
0
0
2.58088673833172
6.58463377469020
10.3978208763851
14.2369707900312
15.6830495321134
10.8766415626119
6.80517301471605
8.48737912426393
9.71591065559339
11.0840476978141
11.0087487436202
16.7437217050780
15.3088604960992
11.5579717592870
7.32230634243455
5.60842788520857
8.54266800363549
2.99273161405256
2.99173412092830
2.05240605218202
0.185362955142833
1.07692496823890
2.88948955192893
2.88983195407202
1.97015335038235
-2.53313838205113
1.87651300373780
2.75754027420610
2.75771776428143
2.75771779008134
2.75771778710699
2.75771778366177
3.65755049945002
6.42480832169510
7.48541697400390
17.5915869189743
13.2974044873691
13.7438973661847
14.2549223529656
3.75868640048615
10.3007574149443
8.29939464973948
7.30784988156088
2.91147687761552
1.78630163456484
3.96048674724539
2.85680122027136
0.652339834493815
-1.52704539350890
2.69965324527172
-1.55105631850580
-1.56897970108159
2.51786840136107
0.446125471283457
2.45418378814550
-5.52879088804900
-2.58331445917016
2.20895466496876
3.16691667972352
3.16707602255258
3.16707604393527
0.270017682368227
2.15099167257433
3.09594045093237
1.18453062702973
-0.712889292680901
-3.45271953375257
-1.64835640413488
-3.37964987448482
-9.80730762035971
-11.4831776879418
-10.0329734484790
-8.09464453706323
-6.04379358357805
1.61168220369800
7.49084616771510
7.15718580326562
5.30101243676253
6.17588682141120
6.37080197848895
6.56745784905405
8.36550628751436
10.3640145096521
10.8367689796128
7.72213672259613
2.61519536366530
4.36112856944717
4.40606328229056
4.45088829386953
8.14506599169577
5.55589707821690
9.42776747419687
3.91818707982420
3.93761974769948
3.95812058815530
2.08053278558554
-5.24664827584244
-2.53020921080337
-1.64931683612387
-7.42866152877828
-4.03862787547031
-1.62760557039114
4.72161961108599
4.79587728325437
5.70940089521331
4.12128653357554
6.74350820721858
8.68659368964377
8.03897775439612
5.47734513238075
8.36100685848365
8.57970783828229
4.91435308339942
2.09478031129484
2.08020199529045
2.06618623151057
-0.729825181597001
-0.745685616018941
1.94266217694765
2.83961763278719
-0.764004848067299
-0.777487171860596
-2.50093358183732
6.13270151195135
7.15876336792634
5.47716924751909
4.63297345297372
1.02676813530122
4.63210235480327
2.84013778695931
2.83979123419055
0.129237316474198
0.108688397709521
-1.64919554871196
0.0580818339344635
1.74947985258799
2.59826557589648
2.59845100798325
0.883168881182686
1.71274253751968
2.55172613137785
0.0177994866610194
0.000635360464693450
2.45994444791515
4.99228878316613
1.66534004458735
-0.00570616072984122
-4.78272749287901
-6.12769700607379
-7.26912076637340
-2.24943828029798
1.90437225239785
2.61228023767868
8.53251092339678
8.12801095621327
6.83323566536118
3.80558040257369
3.84613536871041
6.33920875290686
3.99341753679101
3.20772782294228
3.22557348650800
4.07776979222652
-0.0215120146018364
0.769874280004715
2.37094136625823
2.37133760631356
-0.0467921328884172
0.729236928028893
0.713591391331767
2.26960199344173
3.86650550696594
6.36994346998994
2.37232708839062
-0.840499113021377
2.31239161600403
-1.62063595008415
5.43257770162705
7.20334990064093
6.55640214452343
-1.63627967265785
-6.23358380204468
-12.1481601914651
-10.5325283024055
-12.7010225680687
-6.42977559568673
0
0
0
0
0
0
0
1.17305550565820
5.42147172677365
9.24051772956045
13.0700923017676
16.9338518524835
14.1800012669567
8.06836051570560
10.6294636031135
9.25012399983104
8.28191380384363
9.43733977546805
14.0372549795790
17.6984830988406
13.3166715659446
8.25439363457664
5.63505136933871
3.83648174618865
2.92369776256602
2.92352812227279
-4.31060660276096
0.995867410091305
0.0958423607391444
-0.789930094323453
0.0520652943207201
-1.64525229568159
0.00607143961489927
-1.63752824537502
-7.00236652118082
-12.1481595466717
-1.55344834759708
1.89169607259137
4.02210678601189
7.05554940997755
5.76745842988940
0.603614923679061
2.06198042785778
3.56086843978454
-0.133116001293379
2.04838607779098
2.04902614670047
8.16560657116369
6.06651947070750
7.03405192610865
3.93040301460809
4.79567889915959
5.70940074733538
3.28064542357324
1.62934837766069
-1.63498964284603
-4.71036359643274
-0.852836097096469
-1.60160394689315
-0.125518116182480
-0.862128127392401
-1.56921879110195
-0.863943878106452
-5.46380720929380
-12.9115003864165
-7.66442815091490
-0.784422179990162
0
0
0
0
0
0
0
0
0
0
0
0
0
0
0
0
0
0
0
0
0
0
0
0
0
0
0
0
0
0
0
0
0
0.433379849045380
3.44015390305586
7.73468668139819
11.5577841912963
15.4071944898425
18.0006507078029
10.3679118142775
11.2647669753402
14.4381892286336
10.9052308263716
9.89851755040999
8.68710281057770
9.01128192766850
10.2280928276665
5.22032580640820
8.00273020570024
7.28897701453479
6.51412599131787
0.150535918210902
-1.64895627106538
-1.64931684235166
2.67657849274152
-3.33273986412570
-11.8282439778049
-12.4004384233876
-5.00092948141452
-4.16501511328685
-11.7852957151901
-8.34823154010538
-2.86296485736518
-0.114391840148248
0
0
0
0
0
0.329849384952803
1.18174072965824
1.21195838339476
0
0.330917575035205
0
0
0
0
0
0
0
0.00192137240802455
0.0987914925772634
0.546929454682774
2.32702351740324
7.26431782907265
10.2703578863970
12.1701555669637
6.40499242457625
3.43121604728451
8.88030723844891
13.5498490299383
13.7998685407506
8.53520442720448
3.21289924713037
2.54902950242499
2.56464529113574
3.99984911979723
7.77325984415151
5.76767801508689
8.28568103898328
7.78356931484738
6.37094658635875
1.56056052892513
1.54798325793434
3.97109141978290
5.68139155398191
5.79339908396545
4.18614766840356
5.96230317592144
4.31755501446009
5.24450721232995
3.54211358520542
2.67746156747727
2.67728025857155
1.80014389106165
1.78733858785705
2.64537413948225
0.0526557139220369
1.73710873406146
-0.811767048948477
-1.64088276646939
-4.78272746771834
-6.12769654411307
-11.8945682700645
-7.91611981129156
-10.5397325755147
-4.56844009994904
-4.02660498529646
-0.359125024488824
0
0
0
0
0
0
0
0
0
0
0
0
0
0
0
0
0
0
0
1.29035842963230
5.53772334882739
9.35612953857858
13.1866352031635
17.0515502999416
20.9587913668713
18.6221581413955
16.0296087463946
5.91874387994521
-1.59674364541669
-1.58366545481589
-14.3369859353323
-12.7380183220103
-6.01670019006225
0
0
0
0
0
0
0
0
0
0
0
0
0
0
0.0124045772699403
0.607580077682949
2.25933728012791
6.26662632440180
10.6275368575663
9.17074625326822
4.65948789389415
1.39564040004033
-0.188655389239607
1.77404151524826
2.23981232907655
0.987529013845534
5.07162791514715
8.58872024582994
9.47229352850709
11.0113557523740
8.58371518090334
10.5367626994907
5.33095487886739
4.02326194240353
1.93163705094260
-0.174284412969441
-0.183393264336422
3.95412086052003
4.02279953731340
3.36478369465191
1.24337254451633
0.528473058651620
0.515509964336711
1.89208921346247
1.19494877821555
-6.66178742998111
-2.02620817499385
-0.219726219845971
4.16396964834844
2.95068050951193
2.98684172427706
-1.42351319966605
-8.17703324855871
-5.83101252097162
-3.68830662969965
0
0
0
0
0
0
0
0
0
0
0
0
0
0
0.303151573507688
0.0612807672147837
0.0567952172423669
0.0567223223707687
0.0567211410628524
0.379651940430777
1.42938569691280
1.49924914499835
1.88629602994280
2.96854581212307
4.78189673254135
6.95895815144258
2.43574595192383
0
0
0
3.92410504590282
8.36053152166671
14.2322019894701
17.4701293984791
17.1270459185336
11.8742718921685
7.50423350740319
4.82367550980074
7.96928507990392
6.70010889689198
6.09630128291784
5.43439937337234
2.29947557999081
-1.61874927485431
-1.60845935334913
2.15691303863079
2.15770665391898
2.15770683967680
2.15770683957991
2.15770683954863
6.06484011104490
3.01382588511607
5.43358132681093
3.90904858407897
4.77132798567516
5.68158828318866
4.09978947389337
3.29854446816855
5.01738258715692
4.22951034580473
9.58773759107813
9.92452639348474
7.42024112968091
9.50757399368611
3.95911109301211
2.08053261340096
-6.13076286399473
-23.7530976180216
-20.7617264224035
-15.5328113476680
-8.89236709075019
-2.05207898444911
0
0
0
0
0
0
0
0
0
0
0
0
0
0
0
0
0
0
0
0
0
0
0
0
0
0
0
0
0.670071519089162
4.84059219198716
8.66284342544814
12.4878389523062
8.49725449291494
10.2509770804950
10.4139479722832
10.2445632355910
9.10808426848767
6.92982126864967
8.66685118694912
6.14478526268723
3.38489419319506
4.15861549772502
-0.863659462570420
-0.863943456333159
-1.53988257602808
-2.17561224094564
-1.48762326834895
-0.826926672144102
-4.49956174603904
-3.47988062676608
-2.98382447882579
-2.47546579068246
-2.84060936550547
-0.796311844967413
0
0
0
0
0
0